156 61152 62712 
156 61152 66924 
156 62712 66924 
169 45461 66924 
180 58680 89460 
232 13688 27376 
232 13688 59856 
232 27376 59856 
250 43500 90250 
392 20384 61152 
409 9816 58896 
409 9816 82209 
409 58896 82209 
497 22365 89460 
497 22365 99897 
497 89460 99897 
600 49200 56400 
797 7173 64557 
797 7173 99625 
797 64557 99625 
871 15678 62712 
955 8595 42975 
971 6797 13594 
971 6797 27188 
971 6797 81564 
971 13594 27188 
971 13594 81564 
971 27188 81564 
1403 2806 8418 
1403 2806 42090 
1403 2806 84180 
1403 8418 42090 
1403 8418 84180 
1403 42090 84180 
2806 8418 42090 
2806 8418 84180 
2806 42090 84180 
6797 13594 27188 
6797 13594 81564 
6797 27188 81564 
7173 64557 99625 
8418 42090 84180 
9816 58896 82209 
13594 27188 81564 
13688 27376 59856 
22365 89460 99897 
61152 62712 66924 
